MY_ACCOUNT_ID=0.0.1715
MY_PRIVATE_KEY=7b558d7101d504dfa1b4e8106999dc0e5ee3b2c629a30ddf3e45ae969f174d5b
MY_PUBLIC_KEY=0f6b3627bbb4bdfe80646cd3cc53e6801db8039bd267b3e72d235a1b6da94f22
PRIVATE_KEY_1=302e020100300506032b6570042204202facebd2648e5859a47a90c77ff0c4f21ae78a44f6dab22a77b11a1cf91669b8
PUBLIC_KEY_1=302a300506032b65700321009be23d4a1457eaccd8e7a2e4c99c0dd550d396ffa4aa812420804da1d17195db
ACCOUNT_ID_1=0.0.3507109
PRIVATE_KEY_2=302e020100300506032b657004220420246968cabd5a34296e89f877c5a2c8ea20eaa0e143c2e6eda58af76a3459f1f7
PUBLIC_KEY_2=302a300506032b65700321007b19100f3803fb6e2ea1be8b182ee060ce9aab040648ed6014f2096a42c84b63
ACCOUNT_ID_2=0.0.3507110
PRIVATE_KEY_3=302e020100300506032b657004220420629736d6e44c5a9fe8d09cb621941d75388b829342e95bd7d94ee54089375f3c
PUBLIC_KEY_3=302a300506032b65700321001813dcdfd8e6b0d072fa10402a93f393ba00e97aef59a2b1aeab1198e6897d13
ACCOUNT_ID_3=0.0.3507111
PRIVATE_KEY_4=302e020100300506032b657004220420fb3d743e9bf8a63b62f4ad585a466a1c4bf3647d7261aad37a2928b71188077e
PUBLIC_KEY_4=302a300506032b6570032100a9ee75cdd9c6a97fd7b7d5baf3b53908bc450af437b27ec8a2234380acafcbd5
ACCOUNT_ID_4=0.0.3507112
PRIVATE_KEY_5=302e020100300506032b6570042204205de04e7bce77747529b7fca6654be11831eaf8415e6f2d1e64a6da980fced0da
PUBLIC_KEY_5=302a300506032b6570032100c3eea392b6b26a7f2bb088b47f6dd726110672427dd3e6c92cd847bf58a4f0bd
ACCOUNT_ID_5=0.0.3507113
